loaded 132,514 trades | 7,709 takers | 600 markets | 47 cities | 2026-05-15..2026-05-15
net taker PnL (mark-to-res): $2,506  (negative = takers bleed to MMs/spread, as expected)

wallets with n>=100: 172  (carry 71,907 trades, 54% of all trades)

==============================================================================================================
PREY — systematically LOSING takers (n>=100, 95% CI upper < 0): 18 wallets, total bled $-4,729
==============================================================================================================
                                    wallet                                                     name   n  mkts  cities   notional        pnl  pnl_per_trade  ci_hi  edge_per_$    wr  buy_frac  yes_frac  avg_price  tail_frac
0x8f25c69bedff614f0ec6ec78aa2117073be55490                                                 pierojoe 181    10       4 11,278.368 -1,218.499         -6.732 -2.995      -0.108 0.674     0.829     0.508      0.761      0.260
0x07295e8e3f1dc42a6bdcb5e8c93c954bd3885f54                                                   Daaafa 183    18       7  4,659.397   -560.596         -3.063 -1.195      -0.120 0.503     0.617     0.186      0.863      0.541
0xae68539542db9d69e66445c21e6e3bdde417064a                                                    hgmr2 481   133      34  4,508.632   -365.952         -0.761 -0.051      -0.081 0.491     1.000     0.401      0.513      0.170
0xdbc4b55d87334263e9695071070b085de98635e3                                              synthesisAB 297    61      31  1,443.093   -337.315         -1.136 -0.446      -0.234 0.468     0.684     0.707      0.449      0.074
0xe7e91d5d52b1524ddf6e83082d2d8b012a78fb3c                                                  sisan33 104    19       7  4,001.018   -310.222         -2.983 -0.084      -0.078 0.481     0.625     0.048      0.896      0.519
0x1135e4c81d9484991a2d0b69202f4a08f697d15e                                            2X66688567NGN 262    60      28  4,942.829   -304.566         -1.162 -0.197      -0.062 0.477     0.534     0.019      0.982      1.000
0x5bbf6b95746641e4fa17af5f5259c0f3de88002f                                               LOIDEBURRO 183    92      34    837.223   -251.755         -1.376 -0.204      -0.301 0.262     0.546     0.820      0.216      0.568
0x2c663a8910473f02e25bd12cd81311dd322cf4d3                                                    buxid 510   421      44    330.607   -237.207         -0.465 -0.230      -0.717 0.006     1.000     1.000      0.010      1.000
0xf9f0d5404ad87b282fd6fdcd1424f7174304fa62                                                   Rev0lt 280    90      34  1,116.180   -220.945         -0.789 -0.283      -0.198 0.368     0.861     0.593      0.472      0.204
0xb3ebf9f2d72968b7faa8e4baeea955638b83b529                                                 aMartBot 151    59      24  1,670.121   -217.000         -1.437 -0.651      -0.130 0.636     0.980     0.371      0.683      0.742
0xfa28c521b5c2c7c81dd55162cda73e401558c37e                                              Andyminvest 138    36      31    608.811   -200.940         -1.456 -0.500      -0.330 0.254     0.870     0.761      0.327      0.022
0xe06dbec5f478efa4266fc9f477dd3507a47eac24                                                  jujupig 151    39      22    685.723   -188.072         -1.246 -0.460      -0.274 0.404     0.649     0.728      0.433      0.093
0x3e964287a08ea60b6445ecee56158e4a1fe0b306                                              phaller1212 113    54      24    682.077   -106.895         -0.946 -0.052      -0.157 0.265     0.841     1.000      0.448      0.301
0xf0aaa9c44b5e0a9c5577a7550a354e2d336af7e3                                                          132    74      32    116.185    -67.076         -0.508 -0.030      -0.577 0.189     0.811     1.000      0.034      0.909
0x2bf6d978cb16a721b53cfb97765b4388a19724f9                                                  DamKido 190    69      35    414.875    -61.680         -0.325 -0.013      -0.149 0.384     0.837     0.621      0.432      0.121
0x3f0b450ec6b45633f60c16bbaabed9fdbd1ad571 0x3f0B450Ec6B45633f60C16bBaABeD9fDbD1AD571-1773606770537 218    53      22    222.022    -37.291         -0.171 -0.031      -0.168 0.528     0.995     0.500      0.509      0.266
0xb7014815c8f7b2c8bfd978ebda0be8e1a6bc8c1b                                                          255    78      29    327.756    -22.845         -0.090 -0.012      -0.070 0.616     0.835     0.231      0.814      0.565
0x6fb297294d666db5aa82be3db7cc05e8bdbfbd2d                                sdflsksdmfklmsdkfmlsdfmls 103    47      26    136.963    -19.805         -0.192 -0.065      -0.145 0.437     0.777     0.466      0.716      0.350

==============================================================================================================
SMART MONEY — robustly winning takers (n>=100, 95% CI lower > 0): 32 wallets, total won $3,575
==============================================================================================================
                                    wallet                                                     name    n  mkts  cities     pnl  pnl_per_trade  ci_lo  edge_per_$    wr  buy_frac  yes_frac  avg_price  tail_frac
0x8aa29c27241b6909a7c4d6cb4f400267aa215a0b                                               Amano-Hina  245     9       3 586.285          2.393  0.819       0.317 0.580     1.000     0.331      0.482      0.004
0x77357b4fcc685e5ba9e67b7ba00f8ae059c34740                                                           214     5       1 543.352          2.539  1.356       0.212 0.785     0.977     0.995      0.597      0.014
0x23d18416645924e097c453e8ceadd4bfeb6a353f                                                   fcomp3 5079   490      46 302.354          0.060  0.031       0.126 0.907     0.000     1.000      0.106      0.739
0x213e1deb37695fb513e1110e6506220c37a75e0f                                 RecoveringGamblingAddict  120     4       4 267.656          2.230  1.123       0.266 0.675     0.742     1.000      0.620      0.042
0x04dcf8d1328b2bf5fa6e7aa8a200df95751cd572                                             tinylonglong 3209   440      44 236.293          0.074  0.039       0.151 0.911     0.000     1.000      0.106      0.756
0x1294e9789b14c70cd865eee40f607c195bf535bb                                                   Fibrin  474    55       6 228.031          0.481  0.082       0.346 0.918     0.000     1.000      0.091      0.732
0x906f2454a777600aea6c506247566decef82371a                                                 Railbird  193    52      16 198.738          1.030  0.607       0.105 0.938     1.000     0.062      0.846      0.420
0xcb32934773126ed9267babaee1e68f0c375779aa                                             NewBuildingX 2297   425      45 136.482          0.059  0.021       0.120 0.905     0.000     1.000      0.108      0.776
0x900939fada83b830ae89e39c031e11e44bd91621                                              skewerpacil 1637   390      43 123.643          0.076  0.033       0.143 0.903     0.000     1.000      0.113      0.781
0x3cb6c036c2e2af6b3b7fc5650c76fcffe2550f8f                                            LinusLoeliger  145     2       1 112.066          0.773  0.665       0.010 1.000     1.000     0.628      0.988      1.000
0xc90b20dd4ccd4d1f6c0a2182b8b1cf9526707190                                               dennycloud 1308   351      42  93.663          0.072  0.024       0.134 0.901     0.000     1.000      0.116      0.786
0xcb265e28e225e2490e1583c9588bda0a94290e22                                                   scandl  422   237      43  90.319          0.214  0.059       0.041 0.799     1.000     0.164      0.782      0.690
0x05e172b931e5a210423e896e6bc280d082034c1e                                          GodofGamblers69  194    66      28  70.163          0.362  0.017       0.049 0.918     1.000     0.000      0.874      0.351
0xd934049d1369190c9307fff692211cd323cd60a0 0xD934049d1369190c9307FfF692211cd323cD60A0-1723092059589  262    59      27  67.794          0.259  0.215       0.005 0.996     0.996     0.000      0.995      1.000
0xc0d896336db3b2e08876a5dcd63b25a811e15430                                                    seqre  994   307      41  65.836          0.066  0.012       0.122 0.899     0.000     1.000      0.116      0.808

==============================================================================================================
MECHANICAL — widest market coverage (likely bots; predictable flow)
==============================================================================================================
                                    wallet         name    n  mkts  cities  dates      pnl  pnl_per_trade  edge_per_$    wr  buy_frac  yes_frac  avg_price  tail_frac
0xd1a63a243042d864520512fbdbd2fd20e0ab1507        DkOYL 5832   491      45      1  118.286          0.020       0.003 0.871     0.799     0.201      0.667      0.705
0x23d18416645924e097c453e8ceadd4bfeb6a353f       fcomp3 5079   490      46      1  302.354          0.060       0.126 0.907     0.000     1.000      0.106      0.739
0x2b5920274740ca61745eeb077587bf5bb4ff9db6        aHjCz 2396   471      43      1  -94.469         -0.039      -0.006 0.835     0.542     0.505      0.388      0.692
0x04dcf8d1328b2bf5fa6e7aa8a200df95751cd572 tinylonglong 3209   440      44      1  236.293          0.074       0.151 0.911     0.000     1.000      0.106      0.756
0xcb32934773126ed9267babaee1e68f0c375779aa NewBuildingX 2297   425      45      1  136.482          0.059       0.120 0.905     0.000     1.000      0.108      0.776
0x2c663a8910473f02e25bd12cd81311dd322cf4d3        buxid  510   421      44      1 -237.207         -0.465      -0.717 0.006     1.000     1.000      0.010      1.000
0x900939fada83b830ae89e39c031e11e44bd91621  skewerpacil 1637   390      43      1  123.643          0.076       0.143 0.903     0.000     1.000      0.113      0.781
0xeb1d1cd1b31070fb34b1d1de20d700f59c9959b0     1DVSBSTD  800   363      42      1   25.640          0.032       0.001 0.969     0.989     0.005      0.977      0.938
0x9f208e85f326f865077fffa68b32d8b0e2bc12c3 mildwindow27 1421   353      44      1    7.420          0.005       0.000 0.904     0.700     0.300      0.717      0.824
0xc90b20dd4ccd4d1f6c0a2182b8b1cf9526707190   dennycloud 1308   351      42      1   93.663          0.072       0.134 0.901     0.000     1.000      0.116      0.786
0xc0d896336db3b2e08876a5dcd63b25a811e15430        seqre  994   307      41      1   65.836          0.066       0.122 0.899     0.000     1.000      0.116      0.808
0xe43ff9e39282c95e76a53ec38243b78e1e9fa889    belyosh56  802   294      40      1   38.831          0.048       0.084 0.894     0.000     1.000      0.118      0.837
0xd009eeeeac8c81dc2d5e254e0e25a1a14e5791af     RatingIU  875   293      39      1   47.985          0.055       0.099 0.897     0.000     1.000      0.114      0.818
0xb06a0eae498750ed0acac7e1f759f741c56e52f5      Ooookey 2865   287      39      1  183.606          0.064       0.032 0.136     1.000     1.000      0.137      0.686
0x19af989568d17f3862ff77e6d5a15b055a076e63   weebstable  625   256      38      1   38.093          0.061       0.105 0.891     0.000     1.000      0.121      0.843
0xfd557e6db670c9704bc1d0d8e8b585c7d9c9f905  northdrawer  828   255      46      1  -16.199         -0.020      -0.001 0.855     1.000     0.000      0.852      0.676
0xcaaacd98457713a56808ce185db6dedb5860da37   glassglass  441   254      42      1   62.329          0.141       0.030 0.773     1.000     0.197      0.753      0.710
0x0ba322c2b039682b3f3065dc35475bf1f63957bc       mugmug  419   244      43      1  -17.017         -0.041      -0.010 0.761     0.988     0.181      0.758      0.721
0xb7321756e00c7220ce016515fcd290530c9d6900        ballb  430   244      42      1   79.175          0.184       0.038 0.758     1.000     0.181      0.738      0.656
0x85c869234bec022516b2b01bcaca52a8af5480f8   brownrices  429   244      43      1  -45.795         -0.107      -0.021 0.744     1.000     0.179      0.762      0.718

wrote data/taker_wallet_profiles.parquet

TOP PREY WALLETS (for trigger reverse-engineering):
  0x8f25c69bedff614f0ec6ec78aa2117073be55490
  0x07295e8e3f1dc42a6bdcb5e8c93c954bd3885f54
  0xae68539542db9d69e66445c21e6e3bdde417064a
  0xdbc4b55d87334263e9695071070b085de98635e3
  0xe7e91d5d52b1524ddf6e83082d2d8b012a78fb3c
  0x1135e4c81d9484991a2d0b69202f4a08f697d15e
  0x5bbf6b95746641e4fa17af5f5259c0f3de88002f
  0x2c663a8910473f02e25bd12cd81311dd322cf4d3
  0xf9f0d5404ad87b282fd6fdcd1424f7174304fa62
  0xb3ebf9f2d72968b7faa8e4baeea955638b83b529
  0xfa28c521b5c2c7c81dd55162cda73e401558c37e
  0xe06dbec5f478efa4266fc9f477dd3507a47eac24
