data/taker_trades_2026-05-15_2026-05-15.parquet: 132,514 trades, 7,709 takers, dates 2026-05-15..2026-05-15

========================================================================================================
BUY Yes   (n=32,599, total eshare $3,773)
    price band       n  mean_px    WR%       WR 95%CI    EV/sh            EV CI   edge/$      bled$
   [0.0, 0.01)    3506    0.004     0% [   0,   0]   -0.004 [-0.005,-0.003]   -0.87      -1886
  [0.01, 0.02)    1278    0.014     1% [   0,   2]   -0.005 [-0.010,-0.000]   -0.38      -1332
  [0.02, 0.05)    1838    0.033     3% [   3,   4]   -0.001 [-0.009,+0.008]   -0.02      -2602
   [0.05, 0.1)    2590    0.072     9% [   8,  10]   +0.014 [+0.003,+0.024]   +0.19      -5244
    [0.1, 0.2)    4516    0.146    14% [  13,  16]   -0.001 [-0.011,+0.009]   -0.01     -12208
   [0.2, 0.35)    6824    0.272    24% [  23,  25]   -0.034 [-0.044,-0.024]   -0.13     -22038
   [0.35, 0.5)    4194    0.411    42% [  41,  44]   +0.013 [-0.002,+0.027]   +0.03     -16285
   [0.5, 0.65)    1774    0.565    72% [  70,  74]   +0.156 [+0.136,+0.177]   +0.28      -5344
   [0.65, 0.8)    1468    0.725    86% [  84,  87]   +0.131 [+0.114,+0.149]   +0.18      -2731
    [0.8, 0.9)    1334    0.854    84% [  82,  86]   -0.016 [-0.035,+0.004]   -0.02      -4647
   [0.9, 0.95)    1053    0.926    94% [  92,  95]   +0.014 [-0.001,+0.028]   +0.01      -2594
  [0.95, 0.98)     754    0.962    97% [  95,  98]   +0.005 [-0.008,+0.018]   +0.01       -911
 [0.98, 0.995)     777    0.988    98% [  97,  99]   -0.003 [-0.012,+0.006]   -0.00      -1017
[0.995, 1.001)     693    0.998   100% [  99, 100]   +0.002 [+0.002,+0.002]   +0.00          0

========================================================================================================
BUY No   (n=55,637, total eshare $-799)
    price band       n  mean_px    WR%       WR 95%CI    EV/sh            EV CI   edge/$      bled$
   [0.0, 0.01)     190    0.005     0% [   0,   2]   -0.005 [-0.005,-0.004]   -1.00       -102
  [0.01, 0.02)     152    0.013     1% [   0,   4]   -0.007 [-0.020,+0.006]   -0.50       -111
  [0.02, 0.05)     187    0.030     1% [   0,   3]   -0.025 [-0.035,-0.014]   -0.82       -237
   [0.05, 0.1)     280    0.073     4% [   2,   7]   -0.030 [-0.054,-0.006]   -0.41       -618
    [0.1, 0.2)     650    0.146    17% [  14,  20]   +0.021 [-0.008,+0.049]   +0.14      -1419
   [0.2, 0.35)     764    0.269    23% [  20,  26]   -0.041 [-0.071,-0.011]   -0.15      -2415
   [0.35, 0.5)    1133    0.438    25% [  23,  28]   -0.188 [-0.213,-0.162]   -0.43      -5197
   [0.5, 0.65)    3248    0.587    57% [  55,  59]   -0.017 [-0.034,-0.001]   -0.03     -10581
   [0.65, 0.8)    7336    0.726    76% [  75,  77]   +0.038 [+0.028,+0.047]   +0.05     -14867
    [0.8, 0.9)    6882    0.848    88% [  87,  88]   +0.030 [+0.022,+0.037]   +0.03     -10253
   [0.9, 0.95)    4856    0.924    90% [  89,  91]   -0.025 [-0.033,-0.016]   -0.03      -7218
  [0.95, 0.98)    6348    0.966    95% [  94,  95]   -0.017 [-0.022,-0.011]   -0.02      -5065
 [0.98, 0.995)    9102    0.988    99% [  98,  99]   -0.002 [-0.004,+0.001]   -0.00      -3522
[0.995, 1.001)   14509    0.998   100% [ 100, 100]   +0.001 [+0.000,+0.001]   +0.00       -245

========================================================================================================
SELL Yes   (n=35,566, total eshare $-743)
    price band       n  mean_px    WR%       WR 95%CI    EV/sh            EV CI   edge/$      bled$
   [0.0, 0.01)   14429    0.002   100% [ 100, 100]   +0.001 [+0.001,+0.002]   +0.46       -443
  [0.01, 0.02)    2233    0.012    98% [  98,  99]   -0.005 [-0.011,+0.000]   -0.45       -422
  [0.02, 0.05)    2749    0.029    95% [  94,  96]   -0.018 [-0.026,-0.010]   -0.61      -1209
   [0.05, 0.1)    2162    0.068    93% [  92,  94]   -0.001 [-0.012,+0.010]   -0.01      -2020
    [0.1, 0.2)    3209    0.143    88% [  87,  90]   +0.028 [+0.017,+0.039]   +0.19      -4086
   [0.2, 0.35)    4389    0.266    81% [  79,  82]   +0.072 [+0.061,+0.084]   +0.27      -6348
   [0.35, 0.5)    1838    0.406    64% [  61,  66]   +0.042 [+0.021,+0.064]   +0.10      -4737
   [0.5, 0.65)     730    0.559    33% [  30,  37]   -0.107 [-0.141,-0.073]   -0.19      -2235
   [0.65, 0.8)     526    0.723    15% [  12,  18]   -0.127 [-0.158,-0.096]   -0.18      -1395
    [0.8, 0.9)     539    0.847    13% [  11,  16]   -0.019 [-0.048,+0.009]   -0.02       -894
   [0.9, 0.95)     556    0.921     6% [   5,   9]   -0.016 [-0.036,+0.004]   -0.02       -496
  [0.95, 0.98)     359    0.961     0% [   0,   2]   -0.036 [-0.042,-0.031]   -0.04       -155
 [0.98, 0.995)     770    0.987     1% [   0,   1]   -0.008 [-0.013,-0.003]   -0.01       -139
[0.995, 1.001)    1077    0.998     0% [   0,   0]   -0.002 [-0.002,-0.002]   -0.00        -80

========================================================================================================
SELL No   (n=8,712, total eshare $276)
    price band       n  mean_px    WR%       WR 95%CI    EV/sh            EV CI   edge/$      bled$
   [0.0, 0.01)      89    0.002   100% [  96, 100]   +0.002 [+0.002,+0.002]   +1.00          0  (n<100)
  [0.01, 0.02)      34    0.011   100% [  90, 100]   +0.011 [+0.011,+0.012]   +1.00          0  (n<100)
  [0.02, 0.05)      79    0.029   100% [  95, 100]   +0.029 [+0.027,+0.031]   +1.00          0  (n<100)
   [0.05, 0.1)     164    0.065    97% [  93,  99]   +0.035 [+0.009,+0.061]   +0.53       -375
    [0.1, 0.2)     291    0.141    81% [  76,  85]   -0.048 [-0.093,-0.003]   -0.34       -952
   [0.2, 0.35)     256    0.263    77% [  71,  82]   +0.033 [-0.019,+0.084]   +0.12      -1078
   [0.35, 0.5)     339    0.429    72% [  67,  76]   +0.146 [+0.098,+0.194]   +0.34      -1155
   [0.5, 0.65)     606    0.580    42% [  39,  46]   +0.004 [-0.035,+0.043]   +0.01      -1812
   [0.65, 0.8)    1099    0.725    20% [  18,  23]   -0.074 [-0.097,-0.050]   -0.10      -2089
    [0.8, 0.9)     923    0.846    12% [  10,  14]   -0.036 [-0.057,-0.015]   -0.04      -1075
   [0.9, 0.95)     600    0.923     6% [   5,   9]   -0.014 [-0.033,+0.006]   -0.01       -494
  [0.95, 0.98)     441    0.963     3% [   2,   6]   -0.003 [-0.020,+0.014]   -0.00       -308
 [0.98, 0.995)     687    0.989     1% [   0,   1]   -0.005 [-0.011,+0.001]   -0.01       -144
[0.995, 1.001)    3104    0.998     0% [   0,   0]   -0.001 [-0.002,-0.001]   -0.00       -164

